0 0.17668269230769232 0.3629807692307692 0.0733173076923077 0.0733173076923077
0 0.08173076923076923 0.31971153846153844 0.0733173076923077 0.07451923076923077
0 0.8269230769230769 0.14182692307692307 0.0733173076923077 0.07451923076923077
0 0.7319711538461539 0.09134615384615384 0.09735576923076923 0.0985576923076923
0 0.6490384615384616 0.1466346153846154 0.0733173076923077 0.0733173076923077
0 0.5492788461538461 0.0889423076923077 0.09735576923076923 0.0985576923076923
0 0.4579326923076923 0.140625 0.0733173076923077 0.0733173076923077
0 0.3581730769230769 0.0889423076923077 0.09735576923076923 0.0985576923076923
0 0.265625 0.13341346153846154 0.0733173076923077 0.07451923076923077
0 0.16947115384615385 0.08173076923076923 0.08653846153846154 0.08653846153846154
0 0.07211538461538461 0.1310096153846154 0.09735576923076923 0.09735576923076923
0 0.07091346153846154 0.41586538461538464 0.109375 0.11057692307692307
0 0.07572115384615384 0.5288461538461539 0.109375 0.11177884615384616
0 0.07572115384615384 0.640625 0.12259615384615384 0.12259615384615384
0 0.0733173076923077 0.7548076923076923 0.11057692307692307 0.11057692307692307
0 0.171875 0.4735576923076923 0.11057692307692307 0.11057692307692307
0 0.17427884615384615 0.5841346153846154 0.12259615384615384 0.12259615384615384
0 0.17307692307692307 0.6959134615384616 0.12259615384615384 0.12259615384615384
0 0.17908653846153846 0.8004807692307693 0.109375 0.11177884615384616
0 0.2692307692307692 0.3125 0.06129807692307692 0.06129807692307692
0 0.26802884615384615 0.4182692307692308 0.09735576923076923 0.0985576923076923
0 0.2668269230769231 0.53125 0.09735576923076923 0.0985576923076923
0 0.27403846153846156 0.6237980769230769 0.09735576923076923 0.09735576923076923
0 0.2668269230769231 0.7512019230769231 0.12259615384615384 0.12259615384615384
0 0.36778846153846156 0.3605769230769231 0.09735576923076923 0.0985576923076923
0 0.36177884615384615 0.4795673076923077 0.09735576923076923 0.0985576923076923
0 0.3605769230769231 0.5757211538461539 0.12259615384615384 0.12259615384615384
0 0.359375 0.6911057692307693 0.12259615384615384 0.12259615384615384
0 0.359375 0.8052884615384616 0.12259615384615384 0.12259615384615384
0 0.4639423076923077 0.31009615384615385 0.06009615384615385 0.06129807692307692
0 0.45552884615384615 0.4170673076923077 0.09735576923076923 0.0985576923076923
0 0.45552884615384615 0.5264423076923077 0.09735576923076923 0.0985576923076923
0 0.4579326923076923 0.6430288461538461 0.12259615384615384 0.12259615384615384
0 0.4567307692307692 0.7572115384615384 0.12259615384615384 0.12259615384615384
0 0.5528846153846154 0.3641826923076923 0.08533653846153846 0.08653846153846154
0 0.5492788461538461 0.4723557692307692 0.09735576923076923 0.0985576923076923
0 0.5516826923076923 0.5865384615384616 0.12259615384615384 0.12259615384615384
0 0.5564903846153846 0.6935096153846154 0.09735576923076923 0.0985576923076923
0 0.5516826923076923 0.8052884615384616 0.12259615384615384 0.12259615384615384
0 0.6454326923076923 0.3112980769230769 0.06009615384615385 0.06129807692307692
0 0.6490384615384616 0.4206730769230769 0.09735576923076923 0.0985576923076923
0 0.6430288461538461 0.5324519230769231 0.09735576923076923 0.0985576923076923
0 0.6442307692307693 0.6442307692307693 0.09735576923076923 0.0985576923076923
0 0.6490384615384616 0.7451923076923077 0.09735576923076923 0.0985576923076923
0 0.7367788461538461 0.36778846153846156 0.08653846153846154 0.08653846153846154
0 0.7379807692307693 0.47115384615384615 0.09735576923076923 0.0985576923076923
0 0.7403846153846154 0.5841346153846154 0.09735576923076923 0.0985576923076923
0 0.7367788461538461 0.6983173076923077 0.09735576923076923 0.0985576923076923
0 0.7379807692307693 0.8125 0.12259615384615384 0.12259615384615384
0 0.8353365384615384 0.31850961538461536 0.036057692307692304 0.037259615384615384
0 0.8365384615384616 0.4170673076923077 0.09735576923076923 0.09735576923076923
0 0.8353365384615384 0.5264423076923077 0.109375 0.11057692307692307
0 0.8329326923076923 0.6466346153846154 0.12259615384615384 0.12259615384615384
0 0.8377403846153846 0.7560096153846154 0.109375 0.11057692307692307
0 0.8317307692307693 0.8653846153846154 0.09735576923076923 0.0985576923076923
0 0.9314903846153846 0.3762019230769231 0.08533653846153846 0.08653846153846154
0 0.9290865384615384 0.4735576923076923 0.09735576923076923 0.09735576923076923
0 0.9266826923076923 0.5901442307692307 0.11057692307692307 0.11177884615384616
0 0.9230769230769231 0.7019230769230769 0.12259615384615384 0.12259615384615384
0 0.9254807692307693 0.8040865384615384 0.109375 0.11057692307692307
0 0.9278846153846154 0.9146634615384616 0.109375 0.11057692307692307
0 0.7463942307692307 0.9158653846153846 0.09735576923076923 0.0985576923076923
0 0.6466346153846154 0.859375 0.12259615384615384 0.12259615384615384
0 0.546875 0.9158653846153846 0.12259615384615384 0.12259615384615384
0 0.4567307692307692 0.8569711538461539 0.12259615384615384 0.12259615384615384
0 0.36177884615384615 0.9134615384615384 0.12259615384615384 0.12259615384615384
0 0.27283653846153844 0.8497596153846154 0.09735576923076923 0.09735576923076923
0 0.17307692307692307 0.9146634615384616 0.09735576923076923 0.09735576923076923
0 0.0733173076923077 0.8677884615384616 0.11057692307692307 0.11177884615384616